Total CF-Nodes = 4
Total CF-Entries = 114
Total CF-Leaf_Entries = 111
New Threshold [0] = 19.613945107063067
Total CF-Nodes in new Tree[0] = 4
Total CF-Entries in new Tree[0] = 108
Total CF-Leaf_Entries in new Tree[0] = 105
Total CF-Leaf_Entries lambdaSS in new Tree[0] = 394.326007257954
New Threshold [1] = 20.729523488406812
Total CF-Nodes in new Tree[1] = 4
Total CF-Entries in new Tree[1] = 105
Total CF-Leaf_Entries in new Tree[1] = 102
Total CF-Leaf_Entries lambdaSS in new Tree[1] = 401.91168184067504
New Threshold [2] = 21.56418758321521
Total CF-Nodes in new Tree[2] = 4
Total CF-Entries in new Tree[2] = 104
Total CF-Leaf_Entries in new Tree[2] = 101
Total CF-Leaf_Entries lambdaSS in new Tree[2] = 403.4315307459247
New Threshold [3] = 22.01421455175021
Total CF-Nodes in new Tree[3] = 3
Total CF-Entries in new Tree[3] = 101
Total CF-Leaf_Entries in new Tree[3] = 99
Total CF-Leaf_Entries lambdaSS in new Tree[3] = 409.72795852858275
New Threshold [4] = 22.770402180736642
Total CF-Nodes in new Tree[4] = 3
Total CF-Entries in new Tree[4] = 100
Total CF-Leaf_Entries in new Tree[4] = 98
Total CF-Leaf_Entries lambdaSS in new Tree[4] = 423.0921885357847
New Threshold [5] = 23.213542037403684
Total CF-Nodes in new Tree[5] = 3
Total CF-Entries in new Tree[5] = 99
Total CF-Leaf_Entries in new Tree[5] = 97
Total CF-Leaf_Entries lambdaSS in new Tree[5] = 423.58824346291766
New Threshold [6] = 23.647659405745244
Total CF-Nodes in new Tree[6] = 4
Total CF-Entries in new Tree[6] = 99
Total CF-Leaf_Entries in new Tree[6] = 96
Total CF-Leaf_Entries lambdaSS in new Tree[6] = 426.3484490413915
New Threshold [7] = 25.605660770341803
Total CF-Nodes in new Tree[7] = 3
Total CF-Entries in new Tree[7] = 97
Total CF-Leaf_Entries in new Tree[7] = 95
Total CF-Leaf_Entries lambdaSS in new Tree[7] = 428.45419825227526
New Threshold [8] = 26.460667113731194
Total CF-Nodes in new Tree[8] = 3
Total CF-Entries in new Tree[8] = 95
Total CF-Leaf_Entries in new Tree[8] = 93
Total CF-Leaf_Entries lambdaSS in new Tree[8] = 439.7396957291893
New Threshold [9] = 52.92133422746239
Total CF-Nodes in new Tree[9] = 1
Total CF-Entries in new Tree[9] = 19
Total CF-Leaf_Entries in new Tree[9] = 19
Total CF-Leaf_Entries lambdaSS in new Tree[9] = 774.8412740684379
Sub Clusters
[110, 111, 112, 114, 115, 117, 125, 127, 133, 135, 137, 138, 226, 227, 228, 447, 448, 729, 730, 731, 733, 739, 740, 741, 745, 790, 1021, 1023, 1026, 1028, 1032, 1076, 1077, 1331, 1333, 1336, 1350, 1622, 1629, 2456, 2458, 2462, 2468, 2469, 2475, 2476, 2519, 116, 121, 128, 132, 452, 496, 734, 737, 738, 749, 750, 780, 789, 791, 1019, 1020, 1022, 1024, 1031, 1033, 1034, 1037, 1038, 1039, 1041, 1054, 1060, 1064, 1071, 1323, 1326, 1328, 1337, 1338, 1340, 1344, 1346, 1347, 1348, 1354, 1628, 1631, 1633, 1638, 2457, 2463, 2467, 2470, 2471, 2473, 2474, 2482, 2483, 2509, 2512, 2514, 2517, 2520, 113, 118, 119, 120, 123, 124, 129, 130, 131, 139, 140, 225, 229, 441, 449, 450, 451, 492, 493, 494, 735, 736, 748, 785, 792, 1025, 1027, 1035, 1036, 1078, 1329, 1335, 1339, 1342, 1345, 1349, 1351, 1352, 1621, 1630, 1632, 1636, 1637, 2460, 2464, 2465, 2466, 2472, 2477, 2511, 2515, 2516, 2522, 122, 231, 234, 495, 497, 721, 723, 727, 728, 732, 793, 794, 1014, 1015, 1018, 1317, 1324, 1357, 1360, 1614, 1618, 2438, 2439, 2440, 2452, 2454, 126, 1325, 1332, 134, 141, 453, 751, 752, 786, 788, 1030, 1040, 1043, 1044, 1048, 1059, 1063, 1072, 1073, 1074, 1075, 1341, 1343, 1627, 2478, 2479, 2480, 136, 224, 454, 466, 467, 468, 469, 470, 471, 472, 473, 478, 480, 482, 483, 484, 485, 486, 487, 488, 489, 742, 743, 746, 747, 754, 755, 756, 758, 759, 770, 771, 773, 778, 779, 781, 783, 787, 1029, 1047, 1049, 1050, 1051, 1053, 1055, 1057, 1062, 1066, 1067, 1068, 1069, 1070, 1623, 2481, 2484, 2490, 2506, 2507, 784, 1079, 1080, 1327, 1330, 1334, 1353, 1356, 1619, 1620, 1634, 1635, 1639, 2444, 2455, 2459, 2461, 2518, 2521, 2524, 2525, 2526, 2527, 2528, 2529, 1626, 2486, 2487, 2493, 2504, 2510, 2513, 2523]
[142, 223, 455, 459, 461, 479, 481, 490, 491, 744, 762, 763, 774, 775, 777, 782, 1042, 1045, 1046, 1052, 1058, 1061, 1065, 1625, 2485, 2488, 2489, 2491, 2492, 2494, 2498, 2501, 2505, 2508, 216, 222, 458, 460, 463, 464, 474, 475, 476, 477, 753, 757, 761, 768, 772, 1056, 2495, 2496, 143, 212, 213, 217, 221, 766, 2499, 218, 219, 220, 456, 457, 462, 465, 760, 764, 765, 767, 769, 776, 1624, 2497, 2500, 2502, 2503]
[144, 146, 149, 150, 151, 154, 160, 211, 214, 215, 148]
[145, 147, 152, 153, 156, 157, 158, 159, 162, 163, 164, 165, 167, 168, 169, 173, 174, 179, 205, 206, 208, 209, 210, 155, 161, 166, 172, 175, 176, 177, 178, 181, 182, 183, 184, 188, 192, 193, 196, 197, 204, 207, 170, 171, 180, 190, 194, 195, 198, 199, 200, 201, 202, 203, 185, 186, 189, 191, 187]
[100, 102, 103, 104, 105, 107, 108, 109, 230, 232, 436, 439, 440, 444, 445, 446, 498, 499, 500, 502, 505, 509, 717, 718, 719, 722, 725, 726, 1013, 1016, 1017, 1081, 1313, 1316, 1318, 1319, 1320, 1321, 1322, 1355, 1358, 1361, 1597, 1598, 1599, 1601, 1605, 1611, 1612, 1613, 1615, 1616, 1617, 1640, 1641, 1644, 1645, 2430, 2436, 2441, 2442, 2443, 2445, 2446, 2447, 2448, 2449, 2450, 2451, 2531, 2532, 2534, 1359, 2453, 99, 101, 106, 233, 235, 236, 237, 429, 434, 437, 438, 442, 443, 501, 503, 504, 506, 507, 512, 713, 714, 715, 716, 720, 724, 795, 1082, 1310, 1312, 1315, 1362, 1602, 1603, 1604, 1609, 1610, 1642, 1643, 1646, 1647, 1648, 2200, 2426, 2428, 2429, 2433, 2434, 2435, 2437, 2530, 2533, 2537, 1012, 431, 432, 433, 435, 508, 510, 511, 513, 705, 708, 709, 711, 712, 796, 797, 1007, 1008, 1010, 1011, 1085, 1304, 1305, 1306, 1308, 1309, 1311, 1314, 1363, 1364, 1365, 1366, 1367, 1368, 1595, 1600, 1606, 1607, 1608, 1915, 1917, 1918, 1919, 1920, 1921, 1924, 2191, 2199, 2202, 2203, 2208, 2419, 2423, 2424, 2425, 2427, 2431, 2432, 2536, 2538, 2542]
[92, 242, 244, 245, 417, 696, 800, 804, 805, 994, 995, 996, 998, 1000, 1088, 1090, 1098, 1286, 1293, 1294, 1295, 1298, 1300, 1373, 1374, 1583, 1584, 1585, 1586, 1587, 1588, 1589, 1659, 1902, 1911, 1928, 1933, 2177, 2179, 2185, 2187, 2190, 2219, 2224, 2228, 2230, 2231, 2232, 2406, 94, 95, 96, 97, 98, 238, 240, 241, 243, 416, 418, 419, 420, 421, 422, 423, 424, 426, 427, 515, 516, 517, 518, 692, 693, 695, 697, 704, 799, 801, 1002, 1086, 1092, 1297, 1301, 1303, 1371, 1372, 1590, 1592, 1594, 1654, 1905, 1906, 1907, 1908, 1909, 1912, 1913, 1914, 1929, 2188, 2189, 2193, 2194, 2195, 2196, 2197, 2198, 2205, 2210, 2211, 2212, 2213, 2214, 2215, 2407, 2410, 2413, 2414, 2416, 2420, 2541, 2544, 2546, 1653, 1655, 1926, 1927, 2207, 2217, 2412, 2417, 2418, 2539, 2543, 2545, 239, 514, 425, 428, 430, 698, 699, 701, 702, 703, 706, 707, 710, 798, 1003, 1004, 1005, 1006, 1009, 1083, 1084, 1302, 1307, 1369, 1370, 1591, 1593, 1649, 1650, 1651, 1652, 1910, 1922, 1923, 1925, 2192, 2206, 2209, 2411, 2415, 2421, 2422, 2535, 2540, 700, 1596, 1916, 2201, 2204, 2408, 2409]
[414, 2172, 519, 520, 521, 522, 689, 802, 803, 981, 991, 992, 993, 997, 999, 1001, 1087, 1089, 1093, 1094, 1287, 1288, 1289, 1290, 1291, 1292, 1296, 1299, 1656, 1657, 1658, 1660, 1892, 1903, 1904, 1930, 1931, 1932, 2173, 2174, 2175, 2178, 2180, 2181, 2182, 2183, 2184, 2186, 2216, 2218, 2221, 2222, 2223, 2225, 2226, 2227, 2404, 2405, 2547, 2548, 2549, 690, 691, 694, 807, 1091, 1096, 1099, 1281, 1284, 1285, 1375, 1376, 1577, 1578, 1582, 1876, 1886, 1887, 1888, 1889, 1890, 1895, 1900, 1935, 1937, 2176, 2229, 2399, 2402, 985, 986, 989, 1097, 1101, 1269, 1270, 1271, 1272, 1273, 1274, 1275, 1276, 1277, 1278, 1279, 1280, 1282, 1283, 1377, 1378, 1379, 1381, 1557, 1571, 1572, 1574, 1576, 1581, 1665, 1883, 1884, 1891, 1893, 1896, 2169, 2170, 2171, 2233, 2398, 82, 83, 84, 85, 86, 87, 88, 89, 90, 91, 93, 246, 248, 403, 404, 405, 406, 409, 410, 412, 413, 415, 523, 524, 686, 688, 806, 808, 809, 979, 983, 988, 1878, 1879, 1880, 1881, 1882, 1885, 1898, 1899, 1938, 1940, 2165, 2166, 2167, 2168, 2236, 2395, 2396, 2397, 982, 987, 990, 1095, 1100, 1102, 1268, 1380, 1555, 1556, 1558, 1562, 1564, 1573, 1575, 1579, 1580, 1662, 1897, 1939, 2234, 2401, 80, 247, 397, 402, 407, 408, 411, 527, 681, 682, 683, 684, 685, 687, 810, 980, 1103, 1872, 1941, 2235, 1553, 1559, 1565, 1566, 1567, 1569, 1570, 1667, 1668, 72, 75, 76, 77, 78, 79, 81, 249, 250, 251, 252, 254, 387, 389, 390, 391, 392, 393, 394, 395, 396, 398, 399, 400, 401, 525, 526, 528, 529, 530, 531, 533, 672, 673, 674, 675, 677, 678, 679, 680, 811, 814, 816, 817, 818, 821, 970, 975, 976, 977, 978, 984, 1104, 1105, 1106, 1260, 1262, 1264, 1265, 1266, 1267, 1382, 1383, 1552, 1554, 1560, 1563, 1568, 1859, 1860, 1861, 1862, 1864, 1866, 1867, 1868, 1869, 1871, 1873, 1874, 1875, 1943, 1944, 1945, 1946, 1947, 1948, 2158, 2159, 2160, 2164, 2237, 2238, 2239, 2390, 2391, 2393, 2394, 1661, 1663, 1664, 1894, 1934, 1936, 2220, 2403, 1666, 1865, 1870, 1877, 1901, 1942]
[2400]
[71, 819, 820, 959, 965, 967, 968, 969, 972, 1108, 1109, 1110, 1255, 1256, 1257, 1259, 1384, 1385, 1386, 1390, 1548, 1549, 1550, 1551, 1561, 1670, 1851, 1852, 1853, 1855, 1863, 1950, 1953, 2141, 2142, 2143, 2144, 2146, 2162, 2163, 2240, 2241, 2387, 2388, 73, 74, 253, 255, 385, 532, 538, 670, 676, 812, 813, 823, 966, 971, 973, 974, 1258, 1261, 1547, 1669, 1671, 1850, 1854, 1856, 1857, 1858, 1949, 2161, 2247, 2389, 2392, 388, 1107, 1263, 2156, 2252, 2157, 3, 4, 5, 7, 8, 22, 63, 65, 68, 70, 256, 257, 258, 259, 260, 261, 375, 377, 380, 381, 382, 383, 384, 386, 534, 535, 536, 537, 539, 540, 542, 545, 668, 669, 671, 815, 824, 825, 826, 956, 957, 958, 960, 961, 962, 963, 964, 1113, 1114, 1248, 1250, 1251, 1252, 1253, 1254, 1387, 1388, 1389, 1544, 1545, 1546, 1951, 1952, 1960, 2138, 2140, 2145, 2151, 2153, 2154, 2155, 2244, 2245, 2250, 2254, 2384, 2386, 18, 58, 60, 64, 66, 67, 69, 378, 379, 541, 667, 822, 1249, 1672, 1674, 1954, 1955, 2139, 2248, 2251, 2255, 2385, 828, 1111, 1115, 1675, 1677, 1843, 1845, 1847, 1963, 2128, 2242, 2246, 543, 829, 1112, 1391, 1393, 1394, 1673, 1676, 1678, 1956, 1957, 1958, 1959, 1961, 1962, 1964, 1966, 2129, 2132, 2133, 2137, 2148, 2149, 2150, 2152, 2243, 2249, 2253, 2256, 2258, 1542, 1543, 1846, 1848, 1849, 2135, 2147, 2383]
[1, 13, 15, 16, 17, 23, 49, 269, 271, 374, 550, 553, 657, 658, 665, 830, 1116, 1117, 1119, 1244, 1537, 1681, 2126, 2259, 2264, 2266, 2, 6, 9, 10, 11, 12, 14, 19, 20, 21, 27, 30, 50, 51, 53, 54, 55, 56, 57, 59, 61, 62, 262, 263, 264, 265, 266, 267, 268, 270, 273, 275, 368, 371, 372, 373, 376, 544, 546, 547, 548, 551, 655, 656, 659, 660, 661, 662, 663, 664, 666, 827, 831, 832, 835, 949, 950, 951, 952, 953, 954, 955, 1120, 1123, 1245, 1246, 1247, 1392, 1538, 1539, 1540, 1541, 1679, 1837, 2121, 2130, 2131, 2134, 2136, 2257, 2263, 2381, 2382, 1118, 1122, 1395, 1680, 1840, 1841, 1967, 1968, 1969, 1970, 2117, 2122, 2123, 2124, 2260, 2261, 2262, 2265, 2267, 2268, 2269, 2270, 2377, 24, 25, 28, 29, 33, 34, 36, 37, 39, 40, 41, 43, 44, 45, 47, 48, 52, 272, 274, 276, 277, 278, 280, 281, 284, 285, 289, 361, 363, 364, 365, 366, 367, 552, 556, 557, 558, 559, 560, 651, 652, 653, 833, 836, 838, 839, 843, 847, 944, 945, 947, 948, 1124, 1130, 1236, 1239, 1243, 1397, 1398, 1399, 1536, 1682, 1683, 1684, 1836, 1971, 1972, 2113, 2118, 2119, 2273, 2274, 2275, 2276, 2279, 2280, 2281, 2282, 2283, 2373, 2375, 2376, 2378, 2380, 26, 31, 32, 35, 38, 42, 46, 554, 555, 561, 563, 654, 834, 1121, 1237, 1242, 1838, 1839, 1973, 2114, 2271, 2277, 2374, 2379, 369, 370, 549, 1396, 2115, 2116, 2120, 2127, 1842, 2125, 1965]
[279, 282, 650, 837, 845, 946, 1125, 1126, 1129, 1240, 1241, 1401, 1402, 1530, 1533, 1974, 2272, 2372, 283, 298, 358, 359, 360, 362, 566, 567, 573, 647, 648, 649, 841, 842, 844, 846, 940, 941, 942, 943, 1127, 1128, 1131, 1133, 1134, 1231, 1232, 1233, 1234, 1235, 1238, 1400, 1404, 1528, 1531, 1532, 1534, 1535, 1685, 1686, 1688, 1830, 1831, 1832, 1833, 1834, 1835, 1975, 1976, 1977, 1978, 1979, 1980, 2105, 2106, 2108, 2109, 2110, 2111, 2278, 2284, 2288, 2292, 2294, 2366, 2367, 2368, 2369, 2371, 286, 288, 292, 293, 295, 300, 301, 302, 308, 312, 325, 352, 353, 354, 355, 356, 565, 568, 569, 570, 571, 572, 576, 578, 579, 642, 643, 644, 645, 646, 848, 849, 850, 854, 857, 934, 935, 938, 939, 1132, 1135, 1138, 1139, 1220, 1223, 1225, 1226, 1228, 1229, 1230, 1403, 1405, 1406, 1409, 1524, 1525, 1690, 1694, 1818, 1819, 1820, 1825, 1826, 1827, 1829, 1982, 1984, 2101, 2104, 2304, 2362, 1983, 1985, 1986, 1988, 1989, 2098, 2099, 2100, 2295, 2302, 2309, 2310, 2313, 2317, 2321, 2336, 2353, 2354, 2357, 2358, 2359, 2360, 2364, 2365, 287, 290, 291, 297, 299, 357, 564, 574, 853, 937, 1526, 1828, 1981, 2289, 2290, 2370, 294, 852, 1224, 1692, 1821, 2298, 2299, 2303, 2305, 2356, 2361, 641, 1227, 1693, 1824, 2293, 2297, 1529, 1689, 1691, 1822, 1823, 2286, 2291, 2296, 2102, 2103]
[562, 840, 1527, 2107, 2112, 2287, 1687, 2285]
[1523, 2363]
[1844]
[296, 303, 304, 305, 309, 311, 313, 314, 317, 318, 319, 321, 323, 324, 326, 327, 328, 330, 331, 332, 333, 335, 336, 337, 339, 340, 341, 346, 348, 350, 351, 575, 577, 582, 583, 585, 586, 587, 597, 631, 632, 635, 637, 638, 640, 855, 856, 858, 859, 862, 930, 931, 932, 936, 1143, 1147, 1148, 1149, 1150, 1156, 1221, 1222, 1407, 1410, 1411, 1415, 1416, 1520, 1521, 1522, 1695, 1696, 1697, 1699, 1811, 1812, 1813, 1815, 1816, 1817, 1994, 1995, 2093, 2094, 2096, 2097, 2300, 2307, 2312, 2314, 2318, 2320, 2322, 2323, 2324, 2325, 2332, 2333, 2338, 2348, 2350, 2351, 2352, 338, 347, 580, 933, 1136, 1151, 1155, 1159, 1217, 1219, 1408, 1412, 1518, 1698, 1806, 1808, 1809, 1810, 1990, 1991, 2092, 2308, 2328, 2331, 2344, 2347, 2349, 307, 310, 329, 334, 349, 592, 593, 639, 851, 1137, 1144, 1146, 1216, 1218, 1413, 1414, 1987, 2095, 2301, 2306, 2315, 2330, 2355, 306, 315, 316, 320, 322, 342, 343, 344, 345, 581, 584, 588, 590, 591, 594, 596, 599, 608, 609, 610, 611, 619, 625, 629, 630, 633, 634, 860, 861, 864, 865, 867, 868, 870, 874, 923, 926, 927, 929, 1140, 1142, 1145, 1152, 1154, 1157, 1158, 1160, 1162, 1198, 1203, 1204, 1206, 1207, 1209, 1211, 1213, 1214, 1215, 1417, 1418, 1419, 1512, 1513, 1514, 1515, 1516, 1517, 1519, 1700, 1702, 1703, 1706, 1804, 1805, 1807, 1992, 1993, 1996, 1997, 1998, 2085, 2086, 2087, 2088, 2090, 2091, 2311, 2326, 2327, 2329, 2335, 2337, 2340, 2341, 2343, 2346, 600, 604, 605, 621, 636, 1141, 1153, 1705, 1707, 2001, 2316, 2319, 2334, 2339, 2342, 1814, 2089, 2345]
[589, 595, 598, 601, 602, 603, 606, 607, 612, 613, 614, 615, 616, 617, 618, 622, 624, 627, 628, 863, 866, 871, 873, 875, 876, 878, 880, 887, 891, 902, 914, 915, 916, 920, 921, 922, 924, 925, 928, 1161, 1163, 1164, 1165, 1167, 1186, 1197, 1199, 1200, 1201, 1202, 1208, 1210, 1212, 1420, 1422, 1423, 1424, 1427, 1430, 1509, 1511, 1701, 1704, 1710, 1712, 1797, 1799, 1800, 1801, 1802, 1803, 1999, 2000, 2002, 2003, 2004, 2007, 2008, 2009, 2078, 2080, 2081, 2082, 2083, 2084, 620, 623, 626, 872, 877, 879, 883, 886, 888, 889, 890, 892, 893, 901, 903, 908, 909, 911, 912, 917, 918, 919, 1166, 1168, 1169, 1170, 1171, 1172, 1173, 1174, 1176, 1177, 1178, 1182, 1183, 1187, 1188, 1189, 1190, 1191, 1192, 1195, 1196, 1421, 1425, 1426, 1428, 1429, 1433, 1434, 1435, 1439, 1507, 1510, 1708, 1709, 1714, 1715, 1717, 1718, 1720, 1793, 1794, 1795, 1796, 2005, 2006, 2010, 2011, 2012, 2013, 2014, 2015, 2016, 2073, 2075, 2076, 2079, 869, 881, 884, 900, 904, 905, 910, 1181, 1193, 1194, 1508, 1792, 1798, 2077, 882, 885, 894, 895, 897, 898, 899, 906, 907, 913, 1175, 1179, 1180, 1184, 1185, 1431, 1432, 1436, 1437, 1440, 1502, 1503, 1504, 1505, 1506, 1711, 1713, 1719, 1721, 1722, 1724, 1790, 1791, 2017, 2018, 2019, 2020, 2021, 2023, 2026, 2027, 2029, 2030, 2034, 2037, 2038, 2060, 2061, 2063, 2064, 2065, 2066, 2067, 2068, 2069, 2071, 2072, 2074, 1205, 1716]
[896, 1729, 1789, 2024, 2043, 2055, 2057, 2070, 1438, 1441, 1442, 1443, 1444, 1445, 1446, 1447, 1449, 1450, 1451, 1452, 1453, 1454, 1456, 1488, 1494, 1495, 1496, 1498, 1499, 1500, 1501, 1723, 1725, 1726, 1727, 1728, 1730, 1731, 1732, 1733, 1735, 1784, 1785, 1787, 1788, 2022, 2028, 2031, 2032, 2033, 2035, 2036, 2039, 2040, 2041, 2042, 2044, 2045, 2046, 2047, 2048, 2049, 2050, 2051, 2052, 2053, 2054, 2056, 2058, 2059, 2062, 1448, 1455, 1458, 1459, 1461, 1462, 1466, 1467, 1468, 1469, 1471, 1472, 1473, 1474, 1476, 1477, 1479, 1480, 1483, 1484, 1486, 1487, 1491, 1493, 1497, 1734, 1737, 1739, 1740, 1741, 1742, 1743, 1744, 1745, 1746, 1747, 1748, 1749, 1750, 1751, 1754, 1758, 1761, 1767, 1768, 1771, 1776, 1777, 1778, 1780, 1781, 1782, 1457, 1460, 1482, 1490, 1492, 1736, 1783, 1786]
[1463, 1465, 1475, 1481, 1485, 1738, 1752, 1753, 1755, 1756, 1759, 1760, 1762, 1763, 1764, 1765, 1766, 1769, 1770, 1772, 1773, 1775, 1779, 1464, 1470, 1478, 1489, 1757, 1774]
[2025]
